1 32.891246684350136 987.3096446700508
2 37.66578249336871 1053.2994923857868
3 42.838196286472154 1065.9898477157362
4 44.61273209549071 1043.1472081218276
5 52.78514588859417 1022.8426395939088
6 57.55968169761273 989.8477157360408
7 62.334217506631305 989.8477157360408
8 67.50663129973476 984.771573604061
9 72.28116710875332 1030.4568527918782
10 77.85145888594164 1137.0558375634519
11 82.62599469496021 992.3857868020305
12 87.40053050397879 911.1675126903554
13 92.97082228116712 832.4873096446702
14 97.34748010610079 715.7360406091371
15 102.51989389920423 657.3604060913707
16 106.89655172413792 700.507614213198
17 112.46684350132624 609.1370558375635
18 117.24137931034484 621.8274111675127
19 122.41379310344827 624.3654822335026
20 127.58620689655173 609.1370558375635
21 132.36074270557032 532.9949238578681
22 137.13527851458883 502.5380710659899
23 142.30769230769232 464.4670050761422
24 147.48010610079575 479.6954314720813
25 152.65251989389918 479.6954314720813
26 157.8249336870026 431.4720812182742
27 162.20159151193633 393.40101522842644
28 167.77188328912467 378.17258883248735
29 172.14854111405833 335.0253807106599
30 177.32095490716176 347.71573604060916
31 182.49336870026525 289.3401015228426
32 187.26790450928382 256.34517766497447
33 192.0424403183024 220.81218274111666
34 198.0106100795756 213.1979695431471
35 202.38726790450926 157.36040609137035
